2 7 8 13 15 17 18 19 20 46
2 9 11 16 19 20 93
1 9 10 12 13 15 24
16 1 5 14
2 3 6 7 8 13 15 16 20 53
3 4 12 13 15 17 18 19 99
1 2 5 13 14 17 20 43
1 4 5 6 8 10 12 17 92
2 7 10 14 16 18
1 3 6 7 9 12 16 92
3 10 13 14 16 18 98
4 7 9 13 20 37
3 4 5 8 9 12 17 18 19 59
3 6 8 9 11 12 19 22
18 2 6 7 45
16 9 2 18 5
8 9 11 12 13 15 16 20 19
3 4 6 8 9 13 16 60
1 9 11 18 20 53
1 2 3 6 11 13 20 28
1 5 8 9 10 11 14 16 20 46
16 9 2 3 69
9 10 14 16 17 12
1 5 6 12 13 20 68
9 2 1 7 5
4 9 10 14 16 18 88
3 4 10 18 20 8
3 6 7 11 16 18 20 82
2 5 6 9 13 14 19 20 7
6 11 14 15 17 18 92
