4 5 7 10 11 12 14 17 18 20 21 23 24 26 28 29 30 38 40 48 49 52 53 55 58 60 63 65 67 70 75 76 80 82 84 85 90 94 95 98 102 106 107 109 114 116 117 122 126 129 134 135 138 140 143 144 145 146 148 151 152 154 156 160 162 163 164 166 168 171 173 176 177 179 180 181 182 187 192 195 198 200 81
1 2 131 133 12 140 143 16 18 19 150 22 152 155 27 157 159 160 164 38 39 40 41 168 43 44 51 53 57 186 58 60 61 190 63 62 193 65 67 68 197 196 71 200 76 77 78 79 81 85 94 96 97 100 107 108 115 121 125 58
128 129 130 132 134 135 8 137 10 13 142 15 145 146 17 19 150 153 26 28 29 156 160 32 162 35 163 39 41 172 47 177 179 180 51 52 181 184 57 187 60 61 63 191 196 199 71 80 85 87 88 89 90 100 103 107 111 114 120 127 41
128 3 4 133 6 135 138 141 14 145 20 22 152 25 153 154 156 161 164 165 167 168 41 170 40 44 174 48 177 50 178 180 49 54 182 189 193 66 68 69 70 199 196 73 198 75 77 82 84 86 92 94 96 103 104 113 115 122 125 2
129 132 13 15 143 145 20 155 28 157 158 34 163 36 35 162 37 40 41 167 47 176 177 54 182 184 56 62 64 192 193 195 67 65 71 200 72 73 75 80 82 85 87 88 90 92 98 100 102 106 109 111 115 118 120 126 85
129 130 3 133 134 7 139 14 16 151 28 31 162 35 38 42 171 43 45 175 48 178 179 51 180 54 185 187 188 189 62 66 67 200 78 80 82 85 86 90 92 96 101 107 110 117 120 122 123 126 72
2 131 4 132 6 7 5 9 10 12 15 144 18 21 149 22 152 25 26 28 157 30 31 158 34 165 166 168 169 174 48 49 179 180 53 181 182 56 57 187 189 66 196 70 199 73 78 81 91 93 95 98 100 102 103 106 107 109 112 114 115 116 117 124 125 59
130 9 10 12 141 143 16 145 17 147 149 151 24 155 156 30 158 34 163 165 39 43 44 174 49 178 50 52 53 185 186 58 191 193 195 198 199 70 81 86 88 95 101 104 106 110 115 117 121 125 8
131 133 5 135 8 11 12 142 143 16 146 147 21 152 156 157 30 31 160 161 162 167 40 168 41 171 172 45 46 176 178 179 182 183 55 59 60 65 68 198 71 200 199 70 75 79 81 82 85 86 89 91 97 102 104 106 110 113 117 124 127 79
1 2 3 4 5 6 135 129 137 134 11 136 13 16 17 145 19 147 21 155 28 30 31 32 33 37 38 39 167 173 174 177 178 51 181 183 56 190 192 64 66 68 197 199 71 200 73 77 78 82 87 90 96 97 99 100 101 102 103 113 117 118 122 6
130 3 133 6 137 144 145 20 22 153 156 28 159 32 164 37 38 167 40 174 181 183 187 62 66 195 69 70 198 73 83 84 85 88 95 101 105 117 125 126 30
3 133 6 5 11 16 18 19 148 21 150 149 153 157 29 31 158 161 159 162 160 45 174 47 48 50 181 183 184 185 56 187 59 58 190 191 192 63 195 197 200 74 77 80 82 89 91 106 110 114 116 120 121 56
131 132 5 6 136 138 12 141 145 146 147 20 149 151 23 158 31 33 161 34 36 37 43 45 178 53 58 188 192 194 66 197 70 71 76 77 79 80 81 93 95 97 101 105 118 120 122 125 127 44
129 130 131 3 136 147 23 153 26 159 164 165 166 168 40 42 170 46 47 54 56 186 189 192 193 69 70 200 72 82 83 89 96 98 99 101 105 109 113 116 120 125 40
2 8 9 12 14 20 23 25 27 28 29 33 39 40 43 45 49 51 52 53 54 56 57 62 63 66 67 70 71 74 75 76 78 79 85 89 90 91 94 97 99 103 109 110 112 113 117 122 123 124 132 134 136 137 140 145 146 148 151 152 158 159 161 162 163 166 169 175 176 177 179 182 183 190 193 194 197 45
128 1 132 133 135 8 7 141 142 143 16 17 18 22 25 155 28 32 161 162 34 36 163 164 41 171 45 173 47 177 51 52 55 183 58 187 59 61 190 191 65 72 76 84 88 98 102 106 110 112 118 122 100
1 2 8 137 138 139 12 15 144 17 19 20 21 154 156 29 32 161 164 38 167 169 42 171 172 45 173 47 50 179 181 54 184 185 61 62 64 65 193 66 68 197 77 79 81 84 87 95 96 98 101 104 108 113 119 121 127 84
6 135 8 11 139 142 145 17 18 20 149 23 27 159 34 35 41 171 49 50 53 181 184 56 58 59 60 61 66 67 73 83 84 86 91 99 100 111 120 126 127 16
2 9 14 16 17 19 20 21 24 27 28 29 34 38 39 40 43 45 46 48 54 61 62 63 64 68 69 76 82 83 91 92 97 99 103 108 109 111 114 115 116 118 119 120 121 122 124 125 128 134 135 137 139 141 142 143 144 146 148 149 150 151 152 157 158 159 162 166 167 171 174 176 177 179 182 186 194 195 197 3
128 131 3 133 136 138 15 21 22 25 154 160 162 35 166 38 168 170 172 173 48 176 179 53 184 186 59 190 62 193 69 73 74 81 86 87 89 90 92 97 105 109 116 119 8
1 129 3 131 134 138 14 143 142 18 146 148 150 151 27 28 157 158 161 37 39 44 47 48 177 49 179 182 184 57 185 59 189 190 192 193 65 68 199 75 87 90 92 93 95 99 102 104 106 122 90
128 2 131 132 5 7 8 136 138 139 14 142 16 17 18 15 151 25 29 30 162 35 37 166 167 43 172 45 174 176 49 178 51 48 181 183 56 64 67 68 197 72 73 74 200 81 87 88 89 95 101 105 111 114 116 121 64
2 132 7 137 13 16 146 147 19 21 149 150 25 154 155 26 159 161 162 35 39 167 44 48 51 57 58 187 60 62 190 63 67 196 70 72 81 82 84 87 93 96 103 108 111 115 116 117 118 121 124 54
128 1 130 131 136 137 11 14 15 19 20 148 22 24 26 154 28 29 159 161 34 163 37 38 166 169 171 172 173 46 174 48 176 178 50 179 53 180 183 57 187 60 189 61 191 65 69 198 199 71 73 86 88 90 91 95 99 105 106 108 112 113 115 116 118 125 57
2 3 5 137 143 145 20 149 24 25 31 159 161 33 163 36 165 37 35 173 174 49 50 178 183 58 187 59 189 188 70 199 85 88 91 93 95 97 98 109 110 113 115 120 127 43
2 3 4 132 134 135 131 133 6 11 12 13 142 143 20 24 152 25 154 159 34 35 36 40 169 43 46 50 52 181 57 189 62 191 67 68 198 70 72 71 76 78 84 97 100 102 105 106 107 109 112 119 120 126 127 80
3 132 5 4 9 15 145 18 150 23 24 27 29 30 31 157 159 34 163 164 162 166 167 38 41 169 172 173 48 49 178 179 176 181 53 183 56 58 59 62 63 190 65 194 67 195 196 191 76 81 89 92 93 96 98 102 103 105 107 110 112 113 117 121 126 127 57
129 137 11 12 143 144 150 23 152 24 28 29 30 159 161 33 168 45 178 51 180 55 185 58 187 61 62 189 63 190 67 196 68 200 73 77 82 84 90 92 96 98 104 105 110 112 117 126 79
129 2 130 4 6 8 137 10 11 12 142 15 144 143 146 19 21 23 152 26 29 159 160 161 34 164 37 40 169 171 43 45 46 47 49 51 180 53 182 57 188 64 193 66 67 196 68 198 71 199 81 84 89 92 93 97 100 102 106 108 110 114 115 118 120 124 126 69
132 5 137 138 10 141 14 143 150 24 25 154 33 36 166 40 170 44 174 48 49 179 182 183 57 188 61 190 192 66 71 73 76 80 89 93 96 99 100 102 105 108 116 123 124 127 35
