129 2 131 132 6 137 142 17 147 21 25 157 158 33 36 37 165 170 43 177 49 55 59 69 198 72 74 79 89 90 93 94 97 99 101 111 112 120 123 124 125 6
128 2 131 132 133 134 135 8 130 10 5 138 141 13 15 143 17 144 21 150 23 24 25 26 155 157 6 37 38 166 39 171 44 174 47 176 180 181 54 55 184 57 186 59 53 62 193 194 196 198 72 74 75 76 77 78 84 90 91 98 100 117 118 120 121 122 50
132 135 8 137 138 11 13 144 16 148 20 151 24 26 156 157 32 164 37 166 44 173 174 47 176 178 53 55 56 57 183 60 62 63 192 193 195 67 70 73 83 85 86 92 93 95 99 110 115 120 122 126 127 17
128 1 4 133 7 141 19 148 151 24 25 26 27 153 158 31 32 36 167 39 40 172 45 46 49 182 54 184 55 56 188 61 64 194 68 197 75 76 77 79 80 85 88 89 91 92 94 95 104 106 111 117 121 122 80
131 6 8 136 138 11 12 141 143 16 144 150 153 156 37 166 39 40 169 42 47 177 180 183 57 200 76 87 90 95 106 120 121 86
2 4 5 8 11 14 15 16 17 18 21 22 24 27 28 34 42 43 46 49 52 55 58 60 61 63 66 68 71 73 74 77 80 85 93 94 96 97 98 102 106 112 115 116 121 122 126 128 130 131 135 136 138 144 145 146 150 151 152 153 155 159 164 165 166 168 173 174 175 176 180 182 186 188 189 192 199 200 36
129 2 3 4 132 6 135 7 9 10 138 11 134 136 15 142 145 18 19 150 153 26 28 156 30 158 32 33 31 157 36 167 41 172 46 47 51 180 53 54 55 56 57 186 187 189 190 191 193 67 68 73 76 77 78 81 82 83 85 87 89 91 97 98 103 106 107 117 122 125 126 39
3 132 133 134 8 10 140 14 143 146 18 148 149 22 150 152 153 23 156 157 30 158 31 161 29 165 170 173 174 175 176 177 50 179 49 181 185 186 188 60 62 63 64 65 191 195 193 197 70 72 74 77 78 85 95 96 98 105 106 108 112 113 117 120 124 126 85
1 2 7 8 9 13 16 17 20 22 26 28 29 30 31 32 33 35 37 38 40 41 43 44 46 47 50 52 56 58 59 60 62 72 75 78 79 84 86 88 95 101 104 105 106 107 108 110 114 115 116 117 120 124 126 129 132 134 135 136 140 146 150 161 162 165 169 174 175 180 181 185 186 189 190 193 194 196 198 83
128 2 3 11 16 147 148 149 29 157 34 36 38 166 39 48 49 55 183 57 189 61 63 192 64 195 197 69 82 86 93 95 96 97 100 112 126 84
129 130 1 4 134 8 10 138 140 141 14 15 16 18 19 26 156 157 29 160 35 36 165 164 39 38 170 43 44 171 47 176 49 178 51 179 177 182 183 184 187 191 64 193 194 195 70 72 79 81 88 89 90 91 94 96 97 98 99 100 101 106 112 116 118 119 125 126 76
128 1 3 132 4 134 5 136 9 135 139 144 145 18 19 148 147 22 24 153 28 157 156 29 32 161 35 164 37 165 42 172 173 46 44 48 177 50 179 180 53 54 55 57 59 188 189 195 196 68 197 200 73 72 75 82 88 92 93 94 95 98 99 100 104 105 106 108 110 114 117 118 122 71
1 2 4 133 135 7 137 141 143 146 149 150 153 154 28 30 31 160 32 164 37 166 165 43 44 45 47 178 50 180 181 54 185 60 62 191 64 66 67 199 200 73 74 75 78 84 90 91 95 97 105 110 116 117 121 42
2 3 6 9 17 18 19 22 23 30 31 32 34 35 36 37 40 41 42 45 47 51 55 56 58 61 63 65 66 68 69 78 81 82 83 85 92 95 96 99 101 102 103 105 113 114 115 116 117 119 122 123 124 126 135 136 138 139 141 142 143 144 151 154 156 163 166 168 172 174 175 177 180 181 182 187 190 192 195 198 48
132 5 6 7 142 16 145 24 153 154 155 156 158 31 163 36 37 166 38 173 50 53 54 55 185 188 63 67 71 200 75 81 84 86 87 88 89 91 93 125 127 71
2 132 6 8 137 10 139 12 147 21 149 153 155 27 29 156 159 161 164 36 166 39 40 165 173 51 56 57 59 60 61 64 65 194 67 71 73 74 81 83 89 92 93 101 103 104 109 114 115 117 122 123 35
130 131 5 135 10 138 142 15 145 147 22 27 28 34 163 36 35 38 40 169 171 44 172 46 175 182 183 186 61 63 194 196 74 77 80 86 89 90 91 92 99 100 108 110 113 116 120 85
128 129 2 132 5 134 7 8 138 10 11 141 13 143 144 17 15 146 147 149 18 151 150 27 156 30 163 165 38 37 42 43 172 173 174 177 179 181 53 183 184 185 186 189 62 191 61 193 66 190 196 69 67 68 64 74 142 81 84 86 90 94 95 97 98 100 101 104 113 116 119 120 124 92
128 1 131 5 137 11 141 13 16 146 19 23 152 25 26 24 156 29 160 32 162 163 35 36 38 40 44 172 174 47 48 178 182 55 54 57 59 188 187 61 189 191 193 66 67 195 190 198 199 200 81 83 84 85 86 87 91 92 101 107 108 109 112 114 117 118 124 127 6
2 131 6 135 7 8 140 13 141 143 16 18 148 159 31 33 38 167 41 42 175 48 53 181 57 187 60 190 192 66 194 72 81 82 88 94 100 104 105 109 111 112 120 124 125 9
