128 129 2 5 8 137 10 139 140 13 12 144 18 19 20 148 22 146 21 23 26 153 147 157 29 31 32 161 37 38 167 41 42 44 45 173 178 180 181 56 184 58 188 61 189 192 66 197 69 199 76 78 81 83 86 88 90 91 92 93 97 98 102 108 110 112 117 119 122 55
129 2 3 132 134 6 8 137 9 136 141 14 143 142 17 18 146 20 150 23 24 154 28 156 34 162 36 165 40 168 174 47 176 177 178 51 175 52 182 185 59 60 188 62 187 193 196 69 198 199 72 71 78 80 88 92 99 110 111 114 115 116 117 123 92
131 132 134 136 10 12 14 145 22 25 155 28 31 33 35 167 168 41 172 174 175 176 52 181 182 183 184 56 189 61 195 73 75 77 80 85 89 91 96 98 100 110 114 119 121 123 127 36
1 3 132 5 6 7 8 137 133 140 142 15 144 145 16 17 182 21 150 28 30 159 32 163 36 37 166 39 168 40 172 44 173 175 48 49 174 51 180 45 54 55 56 57 58 59 187 184 62 188 61 64 194 66 195 69 198 72 74 75 76 78 79 80 81 84 86 90 96 97 101 102 103 110 120 125 92
128 129 131 3 4 9 10 11 12 140 142 16 145 146 20 148 22 23 25 154 27 28 157 158 31 156 155 162 163 164 159 38 160 40 44 175 177 49 51 53 182 56 58 59 60 61 65 193 194 196 69 199 73 74 75 79 82 83 84 85 87 96 101 102 103 105 107 110 112 114 116 117 121 34
129 1 3 132 5 133 130 8 137 139 11 141 13 143 16 144 140 19 150 22 152 25 154 27 26 157 24 31 32 160 33 155 164 165 36 161 169 44 48 49 177 181 183 184 185 186 59 62 64 194 67 197 72 79 80 81 84 86 87 88 89 91 92 96 98 102 105 107 110 111 118 119 121 122 124 62
1 132 133 11 140 14 15 16 147 148 21 152 155 156 158 159 160 163 164 35 43 171 46 48 179 183 56 57 58 187 185 61 62 190 60 194 199 200 71 76 77 83 84 85 86 87 88 90 91 93 97 98 100 101 102 115 122 124 50
5 136 137 138 139 10 13 142 143 15 145 146 144 148 149 151 152 25 157 30 160 32 162 166 40 42 171 44 45 174 175 176 177 50 179 51 52 181 55 58 59 60 189 190 63 61 193 67 68 70 71 76 77 85 86 93 97 102 110 122 123 126 72
1 131 5 137 11 140 141 16 145 144 19 21 150 149 152 25 154 155 156 26 159 32 31 33 164 36 40 41 46 50 178 51 181 180 55 53 186 188 189 190 63 64 65 194 197 70 72 84 85 92 93 94 95 100 106 107 111 112 115 120 125 27
1 129 5 133 7 136 137 10 139 138 12 141 9 144 143 19 147 150 151 155 27 30 159 6 33 34 164 165 36 40 43 175 48 49 178 51 52 50 54 177 184 57 186 59 53 189 62 61 183 196 69 197 71 200 80 81 83 85 86 87 93 96 99 100 101 105 108 110 113 115 116 176 124 125 127 84
128 2 3 132 4 134 135 8 137 10 12 13 142 144 147 20 21 22 152 25 158 31 32 163 36 38 167 39 169 170 44 173 174 176 180 54 186 59 60 62 63 193 67 200 73 75 76 83 86 87 89 96 99 101 102 106 109 110 114 117 118 119 123 65
128 1 3 131 136 137 138 139 140 141 145 147 148 149 23 153 26 155 154 157 159 32 40 43 172 174 177 52 182 55 183 58 67 68 197 71 75 78 80 81 83 84 89 100 101 104 106 114 117 119 122 126 17
128 2 131 132 5 130 135 134 10 11 139 141 14 140 16 145 17 19 13 21 154 27 26 158 161 33 36 38 167 169 42 170 172 173 46 171 48 176 45 179 52 53 181 58 59 60 189 190 65 194 193 68 70 198 72 200 75 76 78 79 80 82 83 84 85 92 94 97 98 99 106 110 119 122 123 127 25
2 3 6 7 136 138 10 11 15 17 19 148 149 20 24 154 30 34 166 167 39 41 42 43 45 46 48 178 179 52 183 56 185 186 58 188 62 190 65 194 66 69 70 198 71 73 78 81 83 86 89 108 112 120 123 124 88
1 6 8 9 11 12 14 16 17 21 22 25 27 29 33 36 38 39 45 47 51 54 55 56 57 60 68 72 73 74 75 76 79 86 87 93 94 98 101 102 103 106 108 109 110 111 112 116 118 119 123 125 127 131 133 134 139 141 147 149 155 157 158 161 162 163 167 171 175 178 179 181 186 187 189 190 198 1
1 4 133 134 9 10 139 12 15 144 145 24 153 28 159 160 162 40 169 41 42 171 170 175 48 49 177 179 184 56 61 63 64 67 195 69 73 76 83 85 89 91 92 98 101 106 112 115 117 118 123 126 37
130 2 135 8 10 140 12 14 15 144 17 146 141 20 21 23 24 154 155 28 29 157 159 160 27 162 164 166 167 39 169 170 168 172 174 50 182 184 187 188 189 60 64 65 69 197 199 73 77 78 79 80 84 86 93 95 97 100 101 113 117 127 52
1 131 5 7 135 8 14 144 17 145 19 20 149 24 29 158 159 160 161 33 32 166 39 168 41 169 42 44 173 46 43 48 50 179 183 186 59 64 65 194 68 197 198 72 73 77 80 83 91 95 98 100 103 105 107 109 110 112 115 119 120 127 4
128 131 4 8 138 145 18 149 21 22 25 157 30 159 160 34 165 42 43 44 171 170 175 47 178 51 52 54 182 184 56 59 188 61 64 66 67 200 78 79 84 89 90 95 100 108 113 114 121 34
130 131 2 133 6 135 7 11 12 143 15 147 20 149 21 24 158 159 160 162 165 166 42 170 44 43 49 178 52 55 185 186 64 65 194 67 195 66 70 74 75 80 97 105 106 109 118 119 121 126 127 15
133 8 137 9 10 141 142 16 17 147 21 23 152 153 155 28 27 156 31 159 163 164 38 166 168 169 171 44 174 48 53 182 183 54 186 188 191 63 192 195 68 69 70 196 200 73 74 77 79 83 86 89 90 92 94 95 101 103 112 113 115 117 118 121 124 127 64
128 130 133 13 15 144 17 19 20 155 156 29 164 38 41 170 42 179 180 59 62 190 64 196 72 86 90 91 96 97 104 105 111 115 116 117 119 121 28
129 4 133 139 141 14 143 145 148 149 26 159 34 164 165 166 40 169 171 173 47 48 177 49 50 180 181 190 191 64 65 194 196 197 199 200 71 76 84 86 90 92 98 99 106 109 116 120 121 126 31
1 2 131 6 8 140 142 14 15 17 146 148 151 24 160 165 166 38 40 41 39 167 47 175 50 179 54 184 185 58 188 61 190 63 67 68 196 198 78 79 83 91 97 98 99 102 110 117 121 126 88
129 3 4 5 7 136 10 14 143 16 15 18 146 145 149 21 150 155 28 159 160 33 34 162 165 166 168 41 42 170 171 45 173 174 176 50 179 181 55 185 57 58 186 62 192 193 194 68 69 198 74 79 81 82 84 89 90 95 96 98 103 104 106 107 110 113 120 124 125 126 127 42
